SHEET 5 dims A1:T27
  1 |  | 시점 | 2024
  2 |  | 지역별 | 합계 | 서울 | 경기 | 인천 | 강원 | 대전 | 충북 | 충남 | 세종 | 광주 | 전북 | 전남 | 부산 | 대구 | 울산 | 경북 | 경남 | 제주
  3 | 발전설비별
  4 | 합계 |  | 152768.3 | 968.7 | 21032.8 | 14255.6 | 13570.0 | 205.6 | 2145.1 | 27442.9 | 1226.4 | 486.0 | 6944.4 | 15896.7 | 6748.8 | 1146.3 | 6613.2 | 19304.8 | 12839.7 | 1941.3
  5 | 구성비 |  | 100 | 0.6 | 13.8 | 9.3 | 8.9 | 0.1 | 1.4 | 18.0 | 0.8 | 0.3 | 4.5 | 10.4 | 4.4 | 0.8 | 4.3 | 12.6 | 8.4 | 1.3
  6 | 원자력 |  | 26050 |  |  |  |  |  |  |  |  |  |  | 5900 | 4550 |  | 2800 | 12800
  7 | 기력 |  | 40008.7 |  |  | 5080 | 7814 |  |  | 18246.1 |  |  |  | 668.6 |  |  |  |  | 8200
  8 | 유연탄 |  | 39608.7 |  |  | 5080 | 7414 |  |  | 18246.1 |  |  |  | 668.6 |  |  |  |  | 8200
  9 | 무연탄 |  | 400 |  |  |  | 400
 10 | 중유
 11 | LNG
 12 | 복합화력 |  | 36167.4 | 738.3 | 11836.5 | 8238.4 | 848 |  |  | 4077.6 |  |  | 718.4 | 2378.9 | 1845.8 |  | 3619.3 | 361.6 | 1012 | 492.5
 13 | 내연력 |  | 96.7 |  | 0.4 | 36.2 |  |  |  | 3.8 |  |  | 7.5 | 22.4 |  |  |  | 18.5 | 0.9 | 6.9
 14 | 중유
 15 | 경유 |  | 96.7 |  | 0.4 | 36.2 |  |  |  | 3.8 |  |  | 7.5 | 22.4 |  |  |  | 18.5 | 0.9 | 6.9
 16 | 집단에너지 |  | 10644.7 | 64 | 6043.5 | 338.3 | 431.2 | 136.3 |  | 596.7 | 1127.6 | 115.2 | 445.4 | 312.5 | 19 | 713.6 |  | 156.1 | 145.3
 17 | 유연탄 |  | 1259.2 |  | 253.4 |  |  |  |  |  |  |  | 445.4 | 312.5 | 19 | 72.9 |  | 156.1
 18 | 유류 |  | 65.2 |  | 38.9 |  |  |  |  |  |  |  |  |  |  |  |  |  | 26.3
 19 | LNG |  | 9232.3 | 64 | 5751.2 | 338.3 | 431.2 | 48.3 |  | 596.7 | 1127.6 | 115.2 |  |  |  | 640.7 |  |  | 119.0
 20 | LNG 복합
 21 | 기타 |  | 88 |  |  |  |  | 88
 22 | 양수 |  | 4700 |  | 400 |  | 1000 |  |  |  |  |  | 600 |  |  |  |  | 1400 | 1300
 23 | 신재생 |  | 34739.5 | 138.4 | 2700.9 | 531.8 | 3457.8 | 69.3 | 2093.8 | 4509.4 | 95.5 | 366.8 | 5158.6 | 6591.4 | 300.1 | 422.8 | 175.7 | 4529.7 | 2174.7 | 1422.7
 24 | 일반수력 |  | 1582.0 |  | 260.1 |  | 500.3 |  | 502 |  |  |  | 57.1 | 22.5 |  |  |  | 140 | 100
 25 | 소수력 |  | 232.6 |  | 15.9 | 12.6 | 24.8 |  | 16.6 | 32.3 | 2.3 | 1.8 | 20.2 | 16.1 | 0.0 | 4.1 | 0.3 | 39.5 | 45.5 | 0.8
 26 | 신재생(태양광, 풍력, 기타) |  | 32924.9 | 138.4 | 2425.0 | 519.2 | 2932.7 | 69.3 | 1575.1 | 4477.1 | 93.2 | 365.0 | 5081.4 | 6552.8 | 300.0 | 418.7 | 175.4 | 4350.2 | 2029.2 | 1421.9
 27 | 기타 |  | 361.4 | 28.0 | 51.5 | 30.8 | 19.0 |  | 51.3 | 9.4 | 3.2 | 4.0 | 14.5 | 22.9 | 33.9 | 9.9 | 18.2 | 38.9 | 6.8 | 19.2
