SHEET 5 name=Ⅰ-2-라.지역별 dims A1:T27
  1 |  | 시점 | 2023
  2 |  | 지역별 | 합계 | 서울 | 경기 | 인천 | 강원 | 대전 | 충북 | 충남 | 세종 | 광주 | 전북 | 전남 | 부산 | 대구 | 울산 | 경북 | 경남 | 제주
  3 | 발전설비별
  4 | 합계 |  | 144420.9 | 966.4 | 22073.0 | 14210.5 | 11295.8 | 194.8 | 1929.1 | 26922.4 | 616.1 | 419.6 | 6696.0 | 15363.4 | 6702.4 | 830.0 | 5476.4 | 17278.6 | 11525.3 | 1921.0
  5 | 구성비 |  | 1 | 0.0 | 0.2 | 0.1 | 0.1 | 0.0 | 0.0 | 0.2 | 0.0 | 0.0 | 0.0 | 0.1 | 0.0 | 0.0 | 0.0 | 0.1 | 0.1 | 0.0
  6 | 원자력 |  | 24650 |  |  |  |  |  |  |  |  |  |  | 5900 | 4550 |  | 2800 | 11400
  7 | 기력 |  | 39308.7 |  | 1400 | 5080 | 5714 |  |  | 18246.1 |  |  |  | 668.6 |  |  |  |  | 8200
  8 | 유연탄 |  | 37508.7 |  |  | 5080 | 5314 |  |  | 18246.1 |  |  |  | 668.6 |  |  |  |  | 8200
  9 | 무연탄 |  | 400 |  |  |  | 400
 10 | 중유
 11 | LNG |  | 1400 |  | 1400
 12 | 복합화력 |  | 34038.3 | 738.3 | 11836.5 | 8238.4 | 848 |  |  | 4077.6 |  |  | 718.4 | 2378.9 | 1845.8 |  | 2514.7 | 361.6 |  | 480.0
 13 | 내연력 |  | 136.5 |  | 0.4 | 36.2 |  |  |  | 3.8 |  |  | 7.3 | 22.4 |  |  |  | 18.5 | 0.9 | 46.9
 14 | 중유 |  | 40 |  |  |  |  |  |  |  |  |  |  |  |  |  |  |  |  | 40
 15 | 경유 |  | 96.5 |  | 0.4 | 36.2 |  |  |  | 3.8 |  |  | 7.3 | 22.4 |  |  |  | 18.5 | 0.9 | 6.9
 16 | 집단에너지 |  | 9821.0 | 64 | 6043.5 | 338.3 | 431.2 | 136.3 |  | 596.7 | 530.4 | 115.2 | 445.4 | 312.5 | 19 | 487.1 |  | 156.1 | 145.3
 17 | 유연탄 |  | 1259.2 |  | 253.4 |  |  |  |  |  |  |  | 445.4 | 312.5 | 19 | 72.9 |  | 156.1
 18 | 유류 |  | 108.7 |  | 38.9 |  |  |  |  |  |  |  |  |  |  | 43.5 |  |  | 26.3
 19 | LNG |  | 8365.1 | 64 | 5751.2 | 338.3 | 431.2 | 48.3 |  | 596.7 | 530.4 | 115.2 |  |  |  | 370.7 |  |  | 119.0
 20 | LNG 복합 |  | 738.3 | 11836.5 | 8238.4 | 848 |  |  | 3611.8 |  |  | 718.4 | 2378.9 | 1845.8 |  | 2514.7 | 361.6 |  | 480.0
 21 | 기타 |  | 88 |  |  |  |  | 88
 22 | 양수 |  | 4700 |  | 400 |  | 1000 |  |  |  |  |  | 600 |  |  |  |  | 1400 | 1300
 23 | 신재생 |  | 31395.5 | 136.1 | 2332.9 | 486.7 | 3283.6 | 58.5 | 1877.8 | 3988.9 | 82.4 | 300.0 | 4910.2 | 6058.1 | 253.7 | 333.0 | 139.8 | 3903.5 | 1875.3 | 1374.9
 24 | 일반수력 |  | 1587.0 |  | 260.1 |  | 505.3 |  | 502 |  |  |  | 57.1 | 22.5 |  |  |  | 140 | 100
 25 | 소수력 |  | 230.0 | 0.3 | 15.8 | 12.6 | 19.8 |  | 17.0 | 32.3 | 2.3 | 1.8 | 21.3 | 16.2 | 0.0 | 4.1 | 0.3 | 39.5 | 45.5 | 1.2
 26 | 신재생(태양광, 풍력, 기타) |  | 29578.5 | 135.8 | 2057.0 | 474.1 | 2758.5 | 58.5 | 1358.8 | 3956.6 | 80.1 | 298.1 | 4831.8 | 6019.3 | 253.7 | 328.9 | 139.5 | 3724.0 | 1729.8 | 1373.7
 27 | 기타 |  | 370.9 | 28.0 | 59.7 | 30.8 | 19.0 |  | 51.3 | 9.4 | 3.2 | 4.4 | 14.7 | 22.9 | 33.9 | 9.9 | 21.9 | 38.9 | 3.9 | 19.2
